=========================================================
  Rho Model          k   T    L0      AUC     Loss  R@0.9
---------------------------------------------------------
  0.0 stacked_sae    2   2     4   0.6797   4.8343   0.00
  0.0 txcdr          2   2     4   0.7803   4.5266   0.76
  0.0 stacked_sae    2   5    10   0.4755   3.5812   0.00
  0.0 txcdr          2   5    10   0.6216   7.1428   0.58
  0.0 stacked_sae    5   2    10   0.7050   1.0295   0.00
  0.0 txcdr          5   2    10   0.7784   3.2009   0.74
  0.0 stacked_sae    5   5    25   0.4670   1.9453   0.00
  0.0 txcdr          5   5    25   0.6783   3.7039   0.45
  0.0 stacked_sae   10   2    18   0.7061   0.3402   0.00
  0.0 txcdr         10   2    20   0.7979   2.1133   0.55
  0.0 stacked_sae   10   5    39   0.4649   0.1938   0.00
  0.0 txcdr         10   5    50   0.5704   4.3725   0.20
  0.0 stacked_sae   25   2    44   0.6417   0.0873   0.00
  0.0 txcdr         25   2    50   0.6513   3.4841   0.12
  0.0 stacked_sae   25   5   109   0.4742   0.0579   0.00
  0.0 txcdr         25   5   103   0.2905   5.3064   0.00
  0.6 stacked_sae    2   2     4   0.6868   4.1221   0.00
  0.6 txcdr          2   2     4   0.8963   2.5206   0.88
  0.6 stacked_sae    2   5    10   0.4758   4.6475   0.00
  0.6 txcdr          2   5    10   0.9347   2.6227   0.92
  0.6 stacked_sae    5   2    10   0.7094   2.4840   0.02
  0.6 txcdr          5   2    10   0.9825   1.9758   0.98
  0.6 stacked_sae    5   5    25   0.4728   0.7373   0.00
  0.6 txcdr          5   5    25   0.9553   2.7308   0.86
  0.6 stacked_sae   10   2    15   0.7082   0.6449   0.01
  0.6 txcdr         10   2    20   0.9118   1.9548   0.73
  0.6 stacked_sae   10   5    38   0.4722   0.3941   0.00
  0.6 txcdr         10   5    50   0.8242   4.0720   0.55
  0.6 stacked_sae   25   2    50   0.6405   0.0386   0.00
  0.6 txcdr         25   2    50   0.6196   1.1887   0.10
  0.6 stacked_sae   25   5   111   0.4733   0.0309   0.00
  0.6 txcdr         25   5   104   0.5516   2.9081   0.05
  0.9 stacked_sae    2   2     4   0.6716   2.7688   0.00
  0.9 txcdr          2   2     4   0.8987   6.6051   0.88
  0.9 stacked_sae    2   5    10   0.4746   4.9046   0.00
  0.9 txcdr          2   5    10   0.9778   1.4690   0.97
  0.9 stacked_sae    5   2    10   0.7058   2.4115   0.00
  0.9 txcdr          5   2     5   0.9843   0.2397   0.98
  0.9 stacked_sae    5   5    25   0.4770   4.3382   0.00
  0.9 txcdr          5   5    18   0.9366   0.5803   0.80
  0.9 stacked_sae   10   2    15   0.7046   0.0163   0.01
  0.9 txcdr         10   2    20   0.9090   0.4990   0.72
  0.9 stacked_sae   10   5    45   0.4788   0.0567   0.00
  0.9 txcdr         10   5    50   0.7509   1.7967   0.39
  0.9 stacked_sae   25   2    50   0.6061   0.0572   0.00
  0.9 txcdr         25   2    50   0.5477   0.0985   0.09
  0.9 stacked_sae   25   5   106   0.4709   0.0299   0.00
  0.9 txcdr         25   5   105   0.5124   1.3955   0.00
=========================================================

── TXCDR ADVANTAGE SUMMARY ──
  [IID] mean ΔAUC=+0.0693  range=[-0.1837, +0.2113]
  [ρ=0.6] mean ΔAUC=+0.2546  range=[-0.0209, +0.4825]
  [ρ=0.9] mean ΔAUC=+0.2410  range=[-0.0584, +0.5032]